0 0.17784365800156138 0.2217026088787088 0.11518748380176122 0.058824785881800234 0.28727853649195156 0.30166984561645455 0.056488817018559685 0.30380478800118865 0.12292688777009733 0.35355339059327373 0.09283819821900688 0.15524421726060855 0.1796022876804871 0.2623307856357512 0.09648746644890155 0.36049350999018615 0.10589671776091969 0.21486752129677 0.2753668808632349
0.17784365800156138 0 0.06395094625056962 0.1280335217206301 0.18220646303308277 0.1319842199705812 0.12950774817431468 0.12725158616031246 0.1324600440663077 0.06428400648550038 0.550175747467173 0.2594082588458461 0.058286087793677714 0.1076725115443264 0.11966716763376616 0.1793186976388148 0.5465915024890677 0.26240729788698813 0.07260436934897735 0.12923233532204986
0.2217026088787088 0.06395094625056962 0 0.1644357204054259 0.2256304299271065 0.10356162766686666 0.09348898333028617 0.1702411111575101 0.11276945742163302 0.09622504486493763 0.6041280991924793 0.3052229808595496 0.11342099280133375 0.1380952380952381 0.10349539637650415 0.20090640171526317 0.6001923693540931 0.2959320151246863 0.06622661785325219 0.10897373300006813
0.11518748380176122 0.1280335217206301 0.1644357204054259 0 0.108414065134431 0.20899510590796005 0.23241680173464704 0.10410887512489597 0.23028644695948458 0.11327711115055206 0.46297809987560123 0.17768157430491502 0.07947640338232644 0.10677644182170513 0.19339022797517685 0.10669582539509596 0.46847973719895464 0.16914527360287257 0.1485002947733777 0.18796336669022448
0.058824785881800234 0.18220646303308277 0.2256304299271065 0.108414065134431 0 0.2854069951590611 0.3046177381537627 0.09977032493957748 0.3018255826459352 0.15701921050474196 0.35125008665710444 0.106423133852122 0.15423284351565913 0.14965283617614206 0.2501969012132885 0.07668710153141074 0.3581449930685111 0.09117925225032703 0.2188044109331238 0.2786391062876764
0.28727853649195156 0.1319842199705812 0.10356162766686666 0.20899510590796005 0.2854069951590611 0 0.06061693324761392 0.23560687685375412 0.06006131260299635 0.17937400083354382 0.6771220041426865 0.36654733433819525 0.14976229848275063 0.1642191524431743 0.088424751564421 0.2562447046871732 0.6656295732440187 0.36776641398057985 0.08230243607705243 0.0742238467220805
0.30166984561645455 0.12950774817431468 0.09348898333028617 0.23241680173464704 0.3046177381537627 0.06061693324761392 0 0.2500584264919252 0.029467179293636084 0.1760083359521907 0.6923923461630983 0.39187888615021604 0.1642407495659181 0.17855815139169565 0.10254116741238312 0.2804486097183335 0.6878815988227465 0.38209327221484624 0.09287188758755889 0.07283115551203571
0.056488817018559685 0.12725158616031246 0.1702411111575101 0.10410887512489597 0.09977032493957748 0.23560687685375412 0.2500584264919252 0 0.2524412039972654 0.07259964588642517 0.4083126169891915 0.14307580694830602 0.12068072401929382 0.14371002889919685 0.23025053375734617 0.07364180899520849 0.4144711057900183 0.1481758678879638 0.18449170382522373 0.24324924903295575
0.30380478800118865 0.1324600440663077 0.11276945742163302 0.23028644695948458 0.3018255826459352 0.06006131260299635 0.029467179293636084 0.2524412039972654 0 0.18747465359907312 0.6929755669438127 0.3829678881147989 0.15845279507206006 0.17260631238005056 0.09769352423282827 0.2826689906088883 0.6884610200791017 0.3733327606087812 0.09202061492687408 0.06456741201150484
0.12292688777009733 0.06428400648550038 0.09622504486493763 0.11327711115055206 0.15701921050474196 0.17937400083354382 0.1760083359521907 0.07259964588642517 0.18747465359907312 0 0.4884213066677349 0.20968553420733144 0.06650682261194223 0.09278843611976129 0.17272379011256894 0.1430839207798844 0.4934637712198267 0.2072890493972125 0.12426685584655428 0.18148850216015694
0.35355339059327373 0.550175747467173 0.6041280991924793 0.46297809987560123 0.35125008665710444 0.6771220041426865 0.6923923461630983 0.4083126169891915 0.6929755669438127 0.4884213066677349 0 0.29288447167695664 0.5204112059969137 0.5079919821419582 0.6381058183833976 0.40026472537642965 0.052288698561600205 0.289537110638691 0.5925436973261949 0.6634692061880556
0.09283819821900688 0.2594082588458461 0.3052229808595496 0.17768157430491502 0.106423133852122 0.36654733433819525 0.39187888615021604 0.14307580694830602 0.3829678881147989 0.20968553420733144 0.29288447167695664 0 0.23092998678791218 0.232690596671772 0.33601464480457144 0.13964859748170264 0.29097640920490847 0.07663341497861714 0.2973773571300608 0.354262235023741
0.15524421726060855 0.058286087793677714 0.11342099280133375 0.07947640338232644 0.15423284351565913 0.14976229848275063 0.1642407495659181 0.12068072401929382 0.15845279507206006 0.06650682261194223 0.5204112059969137 0.23092998678791218 0 0.07595155767946456 0.12380502593732336 0.14054484092941238 0.5170208688905775 0.23446071918591302 0.07511488746790397 0.13370093855194318
0.1796022876804871 0.1076725115443264 0.1380952380952381 0.10677644182170513 0.14965283617614206 0.1642191524431743 0.17855815139169565 0.14371002889919685 0.17260631238005056 0.09278843611976129 0.5079919821419582 0.232690596671772 0.07595155767946456 0 0.12012858507987088 0.11895773785772162 0.5046825528926824 0.2175970699446223 0.10407039948368202 0.15268297755504048
0.2623307856357512 0.11966716763376616 0.10349539637650415 0.19339022797517685 0.2501969012132885 0.088424751564421 0.10254116741238312 0.23025053375734617 0.09769352423282827 0.17272379011256894 0.6381058183833976 0.33601464480457144 0.12380502593732336 0.12012858507987088 0 0.22058244331683266 0.6339487329692011 0.3265442775621264 0.06854150065397602 0.06913368560876663
0.09648746644890155 0.1793186976388148 0.20090640171526317 0.10669582539509596 0.07668710153141074 0.2562447046871732 0.2804486097183335 0.07364180899520849 0.2826689906088883 0.1430839207798844 0.40026472537642965 0.13964859748170264 0.14054484092941238 0.11895773785772162 0.22058244331683266 0 0.3976571098309466 0.11734467692969916 0.19958027236003056 0.2542795026706046
0.36049350999018615 0.5465915024890677 0.6001923693540931 0.46847973719895464 0.3581449930685111 0.6656295732440187 0.6878815988227465 0.4144711057900183 0.6884610200791017 0.4934637712198267 0.052288698561600205 0.29097640920490847 0.5170208688905775 0.5046825528926824 0.6339487329692011 0.3976571098309466 0 0.28765085531108087 0.588683436707244 0.6591468852181569
0.10589671776091969 0.26240729788698813 0.2959320151246863 0.16914527360287257 0.09117925225032703 0.36776641398057985 0.38209327221484624 0.1481758678879638 0.3733327606087812 0.2072890493972125 0.289537110638691 0.07663341497861714 0.23446071918591302 0.2175970699446223 0.3265442775621264 0.11734467692969916 0.28765085531108087 0 0.2939786471430817 0.35021339079496494
0.21486752129677 0.07260436934897735 0.06622661785325219 0.1485002947733777 0.2188044109331238 0.08230243607705243 0.09287188758755889 0.18449170382522373 0.09202061492687408 0.12426685584655428 0.5925436973261949 0.2973773571300608 0.07511488746790397 0.10407039948368202 0.06854150065397602 0.19958027236003056 0.588683436707244 0.2939786471430817 0 0.0666181086594263
0.2753668808632349 0.12923233532204986 0.10897373300006813 0.18796336669022448 0.2786391062876764 0.0742238467220805 0.07283115551203571 0.24324924903295575 0.06456741201150484 0.18148850216015694 0.6634692061880556 0.354262235023741 0.13370093855194318 0.15268297755504048 0.06913368560876663 0.2542795026706046 0.6591468852181569 0.35021339079496494 0.0666181086594263 0
