0 0.029804247522383365 0.2299126779554822 0.20786110715152994 0.3081306166450931 0.2349708599567358 0.1306013331777551 0.1153533804031721 0.30495425959553096 0.14257244847003786 0.2717870289446575 0.21386597566537394 0.4182107520891172 0.08118964818488814 0.1404513891425976 0.10781985278953143 0.027575218344976376 0.07841188002795609 0.18143257326574277 0.023288643766823432
0.029804247522383365 0 0.2455840517618169 0.2304817884400567 0.3324830816884357 0.24374577416794793 0.11254837102261933 0.10326186993969673 0.313768357480386 0.1599191652998732 0.2893541048810476 0.23788788162875765 0.4364357804719847 0.09434639736315066 0.146504624496 0.08414678683740465 0.04262579356744428 0.07246895911326152 0.15782031473559294 0.027705322414500768
0.2299126779554822 0.2455840517618169 0 0.1451138307993068 0.1679049498621317 0.09715581473308017 0.3180703717948053 0.3324784631929256 0.1271825985411332 0.19587706288644424 0.227868822386197 0.14568612838010006 0.2679541682553522 0.2308813556393655 0.1795243104848233 0.27496549797827347 0.22760437363156083 0.28940170675679683 0.36228567957749636 0.24842278270325946
0.20786110715152994 0.2304817884400567 0.1451138307993068 0 0.1356278082494943 0.23672461855703492 0.32134776847670227 0.3161382946826004 0.17388062402390325 0.20135176384277026 0.233910839460727 0.11494671010210297 0.2973536716878823 0.26268080919841025 0.1661679971738973 0.2991642549204117 0.21994419640294183 0.27380706548331346 0.37015114719432973 0.23308417390781963
0.3081306166450931 0.3324830816884357 0.1679049498621317 0.1356278082494943 0 0.2805662550387779 0.4445832290908523 0.41642631646135214 0.19158712261686145 0.21099180993500463 0.20804245830174528 0.12197711820264762 0.16884185384856412 0.3795142827177196 0.28132676669501033 0.42094597297074576 0.3359652288778239 0.3776337689856366 0.4962198142069723 0.3286208561122753
0.2349708599567358 0.24374577416794793 0.09715581473308017 0.23672461855703492 0.2805662550387779 0 0.29192793416115304 0.3407106669103612 0.13308756544531672 0.14276778266729567 0.15708696249283285 0.21847167456870126 0.26702298212783354 0.2499452842403188 0.2120950633613502 0.2607121580229787 0.23263484646438362 0.31025295964229116 0.3391228163639454 0.2540240180816537
0.1306013331777551 0.11254837102261933 0.3180703717948053 0.32134776847670227 0.4445832290908523 0.29192793416115304 0 0.07604446020809616 0.393119741400367 0.2528209183028253 0.38563966175427117 0.34802973524662445 0.5386841597575777 0.09081955031519968 0.15791827886309698 0.038671550456794705 0.10261241652119363 0.0807566305587297 0.05145515941494323 0.1273260470116814
0.1153533804031721 0.10326186993969673 0.3324784631929256 0.3161382946826004 0.41642631646135214 0.3407106669103612 0.07604446020809616 0 0.41673448297330595 0.2478674214490941 0.3720843597975946 0.30860827352353964 0.5226163342785942 0.11541919157190153 0.17659397516536487 0.0868558562839057 0.11012886471268052 0.04163716588493898 0.07950951768846205 0.09500439753865679
0.30495425959553096 0.313768357480386 0.1271825985411332 0.17388062402390325 0.19158712261686145 0.13308756544531672 0.393119741400367 0.41673448297330595 0 0.1849340033596091 0.13701923076923078 0.1750618296273089 0.1381236550274575 0.3558851777171618 0.30980876563885884 0.3677480169744005 0.30128238399255003 0.3844564275980065 0.4488457262389185 0.32591435044764394
0.14257244847003786 0.1599191652998732 0.19587706288644424 0.20135176384277026 0.21099180993500463 0.14276778266729567 0.2528209183028253 0.2478674214490941 0.1849340033596091 0 0.1275406919721442 0.12384323820863818 0.2687086160223023 0.2247877881039209 0.18002977646074145 0.22853425123898624 0.17098508996605571 0.22237371391866395 0.3066048321302319 0.15386961770671495
0.2717870289446575 0.2893541048810476 0.227868822386197 0.233910839460727 0.20804245830174528 0.15708696249283285 0.38563966175427117 0.3720843597975946 0.13701923076923078 0.1275406919721442 0 0.11379018925775078 0.175417041884871 0.3558851777171618 0.30980876563885884 0.3601219060233185 0.30128238399255003 0.3537681096522677 0.4345966555646671 0.27619860207427455
0.21386597566537394 0.23788788162875765 0.14568612838010006 0.11494671010210297 0.12197711820264762 0.21847167456870126 0.34802973524662445 0.30860827352353964 0.1750618296273089 0.12384323820863818 0.11379018925775078 0 0.24392965345840426 0.27923122866628586 0.21353365691600718 0.31779907792958506 0.24151591524510788 0.2770343408924475 0.3927401887020984 0.2179055923391214
0.4182107520891172 0.4364357804719847 0.2679541682553522 0.2973536716878823 0.16884185384856412 0.26702298212783354 0.5386841597575777 0.5226163342785942 0.1381236550274575 0.2687086160223023 0.175417041884871 0.24392965345840426 0 0.5063552790107441 0.45775127141863736 0.5112240797704628 0.44958268585959354 0.5045093294857171 0.5985925639223483 0.4232057903920215
0.08118964818488814 0.09434639736315066 0.2308813556393655 0.26268080919841025 0.3795142827177196 0.2499452842403188 0.09081955031519968 0.11541919157190153 0.3558851777171618 0.2247877881039209 0.3558851777171618 0.27923122866628586 0.5063552790107441 0 0.09485346085120624 0.06511350059737156 0.05389292982907813 0.08293418992513155 0.12724268324113847 0.10255131761393227
0.1404513891425976 0.146504624496 0.1795243104848233 0.1661679971738973 0.28132676669501033 0.2120950633613502 0.15791827886309698 0.17659397516536487 0.30980876563885884 0.18002977646074145 0.30980876563885884 0.21353365691600718 0.45775127141863736 0.09485346085120624 0 0.13167158052371392 0.1106099985490486 0.1381154454378885 0.20521338411364534 0.16272731044388886
0.10781985278953143 0.08414678683740465 0.27496549797827347 0.2991642549204117 0.42094597297074576 0.2607121580229787 0.038671550456794705 0.0868558562839057 0.3677480169744005 0.22853425123898624 0.3601219060233185 0.31779907792958506 0.5112240797704628 0.06511350059737156 0.13167158052371392 0 0.07988834304075111 0.07752543840827514 0.08427037355005224 0.09865696378049181
0.027575218344976376 0.04262579356744428 0.22760437363156083 0.21994419640294183 0.3359652288778239 0.23263484646438362 0.10261241652119363 0.11012886471268052 0.30128238399255003 0.17098508996605571 0.30128238399255003 0.24151591524510788 0.44958268585959354 0.05389292982907813 0.1106099985490486 0.07988834304075111 0 0.07399132966554778 0.1534143760005023 0.05028927098946319
0.07841188002795609 0.07246895911326152 0.28940170675679683 0.27380706548331346 0.3776337689856366 0.31025295964229116 0.0807566305587297 0.04163716588493898 0.3844564275980065 0.22237371391866395 0.3537681096522677 0.2770343408924475 0.5045093294857171 0.08293418992513155 0.1381154454378885 0.07752543840827514 0.07399132966554778 0 0.10555183679753016 0.07509170620653516
0.18143257326574277 0.15782031473559294 0.36228567957749636 0.37015114719432973 0.4962198142069723 0.3391228163639454 0.05145515941494323 0.07950951768846205 0.4488457262389185 0.3066048321302319 0.4345966555646671 0.3927401887020984 0.5985925639223483 0.12724268324113847 0.20521338411364534 0.08427037355005224 0.1534143760005023 0.10555183679753016 0 0.17281540090101077
0.023288643766823432 0.027705322414500768 0.24842278270325946 0.23308417390781963 0.3286208561122753 0.2540240180816537 0.1273260470116814 0.09500439753865679 0.32591435044764394 0.15386961770671495 0.27619860207427455 0.2179055923391214 0.4232057903920215 0.10255131761393227 0.16272731044388886 0.09865696378049181 0.05028927098946319 0.07509170620653516 0.17281540090101077 0
