0 0.07390488646104515 0.09414177978923521 0.09655106733572207 0.22590374978561317 0.18185760913882681 0.07832812265419363 0.10475339535142439 0.29765285887896814 0.11622890178055006 0.17136325171609598 0.10414851164970125 0.1492202015597728 0.13277396456250867 0.07257899378106011 0.21751139171144235 0.30505700510843037 0.05294673079237275 0.16785879146936292 0.16853929503390339
0.07390488646104515 0 0.14717482458323597 0.028571434878519673 0.19503139480492807 0.1513367841631163 0.1385141625978009 0.059945552463998915 0.36940703994747637 0.10771313911345212 0.13996336831612152 0.037163948961148725 0.1983325039015045 0.1252241563172889 0.1300182935742195 0.28093907452313266 0.34503685394474193 0.05983089717421782 0.22475016203112663 0.22949588770938484
0.09414177978923521 0.14717482458323597 0 0.1682209122144272 0.14433756729740643 0.14021751445651134 0.13097469393834366 0.0871500597522802 0.36762450140960806 0.055690113451252764 0.14457378897908885 0.1613307962230279 0.05463546732098221 0.062118226608739315 0.12292135753108345 0.18392899743199434 0.3844292498918964 0.08698337156700846 0.07478977290596127 0.11059092476161678
0.09655106733572207 0.028571434878519673 0.1682209122144272 0 0.19241227999592483 0.14858006465963874 0.1350522233068102 0.08802204941377184 0.37418263079315506 0.12870765187684224 0.12090338643643322 0.016310811765030263 0.21855427763289906 0.14518788867765484 0.11180873789536451 0.3046718771972222 0.3498944236467006 0.0813460124178108 0.2457469772825362 0.2518724687237599
0.22590374978561317 0.19503139480492807 0.14433756729740643 0.19241227999592483 0 0.08741208938267456 0.26446805954183317 0.17251237871270036 0.5243776708047438 0.15150213384406594 0.1430202445827218 0.17532001768772834 0.10067170776086197 0.09663348780142689 0.21514715275369342 0.26842840311949256 0.5433956377438315 0.17218242167737224 0.13841942313834973 0.2088107927432565
0.18185760913882681 0.1513367841631163 0.14021751445651134 0.14858006465963874 0.08741208938267456 0 0.21993060519339708 0.1490645507106447 0.4750052817664069 0.14767692865422472 0.05350020751156234 0.13177664935234357 0.12819349207881997 0.09112993202251397 0.1817110869602386 0.30662638934318565 0.4932555062750563 0.12864387784284861 0.1732065445618598 0.22747657380263703
0.07832812265419363 0.1385141625978009 0.13097469393834366 0.1350522233068102 0.26446805954183317 0.21993060519339708 0 0.1833198231006335 0.25085878240609905 0.19317421797059112 0.1874781631416384 0.14368080778206158 0.16270497956947466 0.19385446849839813 0.05433116753922885 0.2280718341768643 0.2750970863510018 0.11548626004370123 0.17626864423630895 0.17710881501055023
0.10475339535142439 0.059945552463998915 0.0871500597522802 0.08802204941377184 0.17251237871270036 0.1490645507106447 0.1833198231006335 0 0.3935889004252641 0.04849628549736631 0.16610361151509054 0.0953295140727377 0.13969673751432063 0.07975403406325506 0.17277093862490311 0.22670184121730777 0.37034878832150336 0.08296122414958924 0.16354906060879346 0.1644424685328139
0.29765285887896814 0.36940703994747637 0.36762450140960806 0.37418263079315506 0.5243776708047438 0.4750052817664069 0.25085878240609905 0.3935889004252641 0 0.4017377943482112 0.44286191555067217 0.38139436131377263 0.41477853710524515 0.4227678807656305 0.30009348746836584 0.25667869876268 0.08577002617967218 0.3449508867310056 0.3744632902822041 0.29824547715575117
0.11622890178055006 0.10771313911345212 0.055690113451252764 0.12870765187684224 0.15150213384406594 0.14767692865422472 0.19317421797059112 0.04849628549736631 0.4017377943482112 0 0.18320962840361496 0.12256259814464855 0.09636717238901438 0.05457492128859797 0.18222043320485615 0.2109222292440437 0.37955073986647087 0.10425375418760396 0.1301213319028974 0.14834647876939724
0.17136325171609598 0.13996336831612152 0.14457378897908885 0.12090338643643322 0.1430202445827218 0.05350020751156234 0.1874781631416384 0.16610361151509054 0.44286191555067217 0.18320962840361496 0 0.10395461292300218 0.17372369457906905 0.14045850560635018 0.16042885415704408 0.32436262297689866 0.46829170925349883 0.12184971642710955 0.1973344866862261 0.24673936239629912
0.10414851164970125 0.037163948961148725 0.1613307962230279 0.016310811765030263 0.17532001768772834 0.13177664935234357 0.14368080778206158 0.0953295140727377 0.38139436131377263 0.12256259814464855 0.10395461292300218 0 0.2108739685159195 0.13891994824308107 0.10572369389951461 0.29476098056431177 0.35786963176150804 0.07599003077907034 0.23742189152654597 0.24318697957521682
0.1492202015597728 0.1983325039015045 0.05463546732098221 0.21855427763289906 0.10067170776086197 0.12819349207881997 0.16270497956947466 0.13969673751432063 0.41477853710524515 0.09636717238901438 0.17372369457906905 0.2108739685159195 0 0.07060509075954721 0.12657113283692042 0.17247300058975695 0.4322431267333385 0.13942954554989934 0.04800974226203728 0.10790954073573025
0.13277396456250867 0.1252241563172889 0.062118226608739315 0.14518788867765484 0.09663348780142689 0.09112993202251397 0.19385446849839813 0.07975403406325506 0.4227678807656305 0.05457492128859797 0.14045850560635018 0.13891994824308107 0.07060509075954721 0 0.15595047469022047 0.23273847141923593 0.4403172583825579 0.07960149193942985 0.10761123511370671 0.170855243424204
0.07257899378106011 0.1300182935742195 0.12292135753108345 0.11180873789536451 0.21514715275369342 0.1817110869602386 0.05433116753922885 0.17277093862490311 0.30009348746836584 0.18222043320485615 0.16042885415704408 0.10572369389951461 0.12657113283692042 0.15595047469022047 0 0.19052212724760945 0.3160309855262997 0.08622024352655455 0.14422024827672317 0.14344817257676315
0.21751139171144235 0.28093907452313266 0.18392899743199434 0.3046718771972222 0.26842840311949256 0.30662638934318565 0.2280718341768643 0.22670184121730777 0.25667869876268 0.2109222292440437 0.32436262297689866 0.29476098056431177 0.17247300058975695 0.23273847141923593 0.19052212724760945 0 0.3099218136953093 0.23255346716102943 0.13490995250822407 0.0773295003478633
0.30505700510843037 0.34503685394474193 0.3844292498918964 0.3498944236467006 0.5433956377438315 0.4932555062750563 0.2750970863510018 0.37034878832150336 0.08577002617967218 0.37955073986647087 0.46829170925349883 0.35786963176150804 0.4322431267333385 0.4403172583825579 0.3160309855262997 0.3099218136953093 0 0.3533327716768938 0.39137371239668606 0.31408483026220074
0.05294673079237275 0.05983089717421782 0.08698337156700846 0.0813460124178108 0.17218242167737224 0.12864387784284861 0.11548626004370123 0.08296122414958924 0.3449508867310056 0.10425375418760396 0.12184971642710955 0.07599003077907034 0.13942954554989934 0.07960149193942985 0.08622024352655455 0.23255346716102943 0.3533327716768938 0 0.16323624732796188 0.16412794646892484
0.16785879146936292 0.22475016203112663 0.07478977290596127 0.2457469772825362 0.13841942313834973 0.1732065445618598 0.17626864423630895 0.16354906060879346 0.3744632902822041 0.1301213319028974 0.1973344866862261 0.23742189152654597 0.04800974226203728 0.10761123511370671 0.14422024827672317 0.13490995250822407 0.39137371239668606 0.16323624732796188 0 0.07038631057442116
0.16853929503390339 0.22949588770938484 0.11059092476161678 0.2518724687237599 0.2088107927432565 0.22747657380263703 0.17710881501055023 0.1644424685328139 0.29824547715575117 0.14834647876939724 0.24673936239629912 0.24318697957521682 0.10790954073573025 0.170855243424204 0.14344817257676315 0.0773295003478633 0.31408483026220074 0.16412794646892484 0.07038631057442116 0
