0 0.42303902926605047 0.2675340503283767 0.2459871233598445 0.37573202542284617 0.3955094737654379 0.6094360113186997 0.5297612263576903 0.6772423154067909 0.30149236429103193 0.2731623805911289 0.10626159555108837 0.7449993003761092 0.5491610100556448 0.4086257739383732 0.01604301013933535 0.7794337755552382 0.5804212812597833 0.49978372765976387 0.40078731965282177
0.42303902926605047 0 0.3882503287274968 0.17408363708081617 0.07324134932407106 0.12264719186601705 0.17423590592247692 0.10852341228968401 0.23564619381303556 0.17352565839856837 0.20265829742208605 0.3361243621303149 0.28138816417920254 0.12341259906069797 0.042761255709362976 0.4288515792408665 0.30994705332077693 0.15061571341175786 0.11331800179667235 0.11007935232346294
0.2675340503283767 0.3882503287274968 0 0.25308553412176554 0.3098551340249709 0.24228695857810775 0.4481805125304764 0.42877145572007247 0.5261144430498261 0.2304870069115168 0.18384776310850234 0.1591644851508443 0.576580471586124 0.451588954990778 0.3667852245745234 0.28288072641370265 0.6488725090454395 0.44740385868469823 0.3849295152457357 0.28806317389916875
0.2459871233598445 0.17408363708081617 0.25308553412176554 0 0.12992979912660696 0.20477696434222872 0.3442179324178595 0.26927635108807324 0.40034059508218806 0.1150489503377477 0.10545768596651345 0.18551026392323733 0.46046068352584346 0.2869634912937315 0.15733565164307625 0.25149772741392845 0.49078719211824823 0.3153341674145324 0.2448388554680935 0.17829934783797266
0.37573202542284617 0.07324134932407106 0.3098551340249709 0.12992979912660696 0 0.0753854512211027 0.2110250483181293 0.17787794467562582 0.285313020192961 0.15384615384615385 0.12705579884605095 0.27428584482035323 0.3273111644103361 0.1945254123615261 0.07695174804487283 0.38515348661415794 0.35625342474377114 0.21267547649121918 0.16622535733437035 0.14252850855285099
0.3955094737654379 0.12264719186601705 0.24228695857810775 0.20477696434222872 0.0753854512211027 0 0.1956398947976638 0.17083587220987698 0.2945184573451418 0.11907035372358786 0.13906067484062026 0.32289994395447275 0.31694882931058205 0.2196032993325959 0.1344843772904805 0.4012781665289333 0.37573536148281733 0.1927336706916339 0.2175697437959587 0.19212055766608271
0.6094360113186997 0.17423590592247692 0.4481805125304764 0.3442179324178595 0.2110250483181293 0.1956398947976638 0 0.13704576251325543 0.1537306180358143 0.28741420608034807 0.3159955504741532 0.49914562586728334 0.11997684670266402 0.15953234574424788 0.20332841412486521 0.6157072380972893 0.17218517989908833 0.08623971695801547 0.17543567978954674 0.2352365372366971
0.5297612263576903 0.10852341228968401 0.42877145572007247 0.26927635108807324 0.17787794467562582 0.17083587220987698 0.13704576251325543 0 0.16862505818907494 0.2226895038150623 0.2854684712223322 0.44606603569509123 0.20147248746752291 0.049531088096035576 0.12765181386155203 0.5358296791219423 0.2148486393419711 0.05561050666251614 0.11709668743976213 0.1939702271082033
0.6772423154067909 0.23564619381303556 0.5261144430498261 0.40034059508218806 0.285313020192961 0.2945184573451418 0.1537306180358143 0.16862505818907494 0 0.39985913262027206 0.37634489373700314 0.5637246505770724 0.13740865521223572 0.1657587010761113 0.2414989902102208 0.6837106411404645 0.13369660963565128 0.15803160504729777 0.15350124050276986 0.2490147310273816
0.30149236429103193 0.17352565839856837 0.2304870069115168 0.1150489503377477 0.15384615384615385 0.11907035372358786 0.28741420608034807 0.2226895038150623 0.39985913262027206 0 0.13378867023789298 0.23774870601689155 0.40625844656928284 0.2306731769749471 0.17376201171422898 0.3070972326701644 0.4398497994699707 0.25880969523777597 0.25503068522533534 0.21542770523507843
0.2731623805911289 0.20265829742208605 0.18384776310850234 0.10545768596651345 0.12705579884605095 0.13906067484062026 0.3159955504741532 0.2854684712223322 0.37634489373700314 0.13378867023789298 0 0.1777046633277277 0.43594851289816705 0.3241598186311519 0.20330897929703434 0.27872598020818 0.46997407855941004 0.287174113790233 0.25454456779092716 0.22140372138502384
0.10626159555108837 0.3361243621303149 0.1591644851508443 0.18551026392323733 0.27428584482035323 0.32289994395447275 0.49914562586728334 0.44606603569509123 0.5637246505770724 0.23774870601689155 0.1777046633277277 0 0.6280047474683322 0.47000859080662105 0.338505512307953 0.11168733812671246 0.6605831613809188 0.471280780659721 0.39411590014501025 0.3311493208826167
0.7449993003761092 0.28138816417920254 0.576580471586124 0.46046068352584346 0.3273111644103361 0.31694882931058205 0.11997684670266402 0.20147248746752291 0.13740865521223572 0.40625844656928284 0.43594851289816705 0.6280047474683322 0 0.2091384519129861 0.31309754619787794 0.7516785295066601 0.050866526778373736 0.1464585194578201 0.22283417814036588 0.30632836247621953
0.5491610100556448 0.12341259906069797 0.451588954990778 0.2869634912937315 0.1945254123615261 0.2196032993325959 0.15953234574424788 0.049531088096035576 0.1657587010761113 0.2306731769749471 0.3241598186311519 0.47000859080662105 0.2091384519129861 0 0.14462324892749545 0.5552786148766599 0.23586184615507863 0.07835347730066178 0.13071385493647825 0.2099545861643665
0.4086257739383732 0.042761255709362976 0.3667852245745234 0.15733565164307625 0.07695174804487283 0.1344843772904805 0.20332841412486521 0.12765181386155203 0.2414989902102208 0.17376201171422898 0.20330897929703434 0.338505512307953 0.31309754619787794 0.14462324892749545 0 0.41081681256119 0.3309013392452188 0.1717664618266187 0.11521807677539264 0.07542780015286374
0.01604301013933535 0.4288515792408665 0.28288072641370265 0.25149772741392845 0.38515348661415794 0.4012781665289333 0.6157072380972893 0.5358296791219423 0.6837106411404645 0.3070972326701644 0.27872598020818 0.11168733812671246 0.7516785295066601 0.5552786148766599 0.41081681256119 0 0.7862251186718092 0.5866209607619534 0.5057692336457372 0.4029363287288547
0.7794337755552382 0.30994705332077693 0.6488725090454395 0.49078719211824823 0.35625342474377114 0.37573536148281733 0.17218517989908833 0.2148486393419711 0.13369660963565128 0.4398497994699707 0.46997407855941004 0.6605831613809188 0.050866526778373736 0.23586184615507863 0.3309013392452188 0.7862251186718092 0 0.18000252005292122 0.2457229783665202 0.3527254574493251
0.5804212812597833 0.15061571341175786 0.44740385868469823 0.3153341674145324 0.21267547649121918 0.1927336706916339 0.08623971695801547 0.05561050666251614 0.15803160504729777 0.25880969523777597 0.287174113790233 0.471280780659721 0.1464585194578201 0.07835347730066178 0.1717664618266187 0.5866209607619534 0.18000252005292122 0 0.15376692003801118 0.23556394016663074
0.49978372765976387 0.11331800179667235 0.3849295152457357 0.2448388554680935 0.16622535733437035 0.2175697437959587 0.17543567978954674 0.11709668743976213 0.15350124050276986 0.25503068522533534 0.25454456779092716 0.39411590014501025 0.22283417814036588 0.13071385493647825 0.11521807677539264 0.5057692336457372 0.2457229783665202 0.15376692003801118 0 0.10490235186775945
0.40078731965282177 0.11007935232346294 0.28806317389916875 0.17829934783797266 0.14252850855285099 0.19212055766608271 0.2352365372366971 0.1939702271082033 0.2490147310273816 0.21542770523507843 0.22140372138502384 0.3311493208826167 0.30632836247621953 0.2099545861643665 0.07542780015286374 0.4029363287288547 0.3527254574493251 0.23556394016663074 0.10490235186775945 0
