0 0.2115219411400076 0.6303143588658489 0.40078344199944427 0.5646118100599945 0.5579911520135272 0.35850017925013444 0.6469169917696698 0.6283237451000426 0.7333507347464103 0.3054542825238415 0.895302384594277 0.8267385093031868 0.4716381038450302 0.4153897744723198 0.7001061167371903 0.3850606979800509 0.40798583573377034 0.5183386444823065 0.6729889971416627
0.2115219411400076 0 0.6683236034070897 0.42279315673257445 0.5949790474619482 0.5713848457519297 0.3916815024555237 0.6662091026670688 0.6612073989928823 0.7590909262307978 0.315138004887909 0.9275669733508362 0.8388060479378264 0.4534202508871444 0.41886649385706826 0.7250052121653359 0.4300081150233404 0.4274571648969977 0.5501824423165895 0.7010659218210821
0.6303143588658489 0.6683236034070897 0 0.3583733190237541 0.205435676750565 0.3483538751965309 0.35543750217827197 0.24479956980554565 0.2216270403143297 0.2689991981926268 0.8296051540741727 0.35658862505836425 0.3416849970679562 0.34264777004781927 0.4278390360256687 0.22217586291169034 0.36476632982199797 0.3838198962341477 0.2506170242659105 0.23830961969637587
0.40078344199944427 0.42279315673257445 0.3583733190237541 0 0.29488477856105505 0.2914269492220734 0.2597032630962624 0.3551485259458197 0.35215607340329347 0.43311361016808037 0.579354127932592 0.5844968187041081 0.5014860588813419 0.2124284292536102 0.22233160218683187 0.4087029897319363 0.25772044199932725 0.25174980661592206 0.27248436928298797 0.39223129120875977
0.5646118100599945 0.5949790474619482 0.205435676750565 0.29488477856105505 0 0.2824449688398711 0.30620922120752164 0.21404155227617144 0.19336688782494618 0.2822506851172138 0.7438270555206971 0.3924041827682631 0.3492613220417918 0.2670667136205501 0.34128924511212055 0.23938084047307007 0.3243511368507705 0.3164141463359843 0.2116337416927951 0.24606783179402167
0.5579911520135272 0.5713848457519297 0.3483538751965309 0.2914269492220734 0.2824449688398711 0 0.35051439332245427 0.2563531415122946 0.2624891189801608 0.319960450481917 0.6819862964229308 0.5082405940895034 0.3845839312241035 0.2997022434296636 0.2610483854847697 0.3336914073022423 0.34225999863096 0.3012714497778739 0.26759532855334855 0.32900590668137236
0.35850017925013444 0.3916815024555237 0.35543750217827197 0.2597032630962624 0.30620922120752164 0.35051439332245427 0 0.39698301588985097 0.38111082736846447 0.4736687518842881 0.5299955982591013 0.5893703936104782 0.5597608384471224 0.2868945731476975 0.32522181779399545 0.4290444393168631 0.23794034255587387 0.2509114144320073 0.2713037249594422 0.42791991849029126
0.6469169917696698 0.6662091026670688 0.24479956980554565 0.3551485259458197 0.21404155227617144 0.2563531415122946 0.39698301588985097 0 0.1859898971386137 0.21110145632219027 0.8031387343195108 0.3539214159676941 0.282319871969482 0.33045530594827294 0.3642566391578261 0.22001634898773434 0.40121386024533845 0.3739050401781609 0.2602566520872431 0.2312963921876432
0.6283237451000426 0.6612073989928823 0.2216270403143297 0.35215607340329347 0.19336688782494618 0.2624891189801608 0.38111082736846447 0.1859898971386137 0 0.24899825748725024 0.7785166551881977 0.3863814354896985 0.32381271060585376 0.3228517102898182 0.3569318228245205 0.24695272060806414 0.36957058934409187 0.3465246576425161 0.24287439590388976 0.2666200704763816
0.7333507347464103 0.7590909262307978 0.2689991981926268 0.43311361016808037 0.2822506851172138 0.319960450481917 0.4736687518842881 0.21110145632219027 0.24899825748725024 0 0.9048536723607882 0.2958616056312865 0.21500673793879205 0.41304661408793986 0.44937666985589036 0.2138144377383234 0.46891075559543066 0.4594475831304595 0.33106793388908595 0.20951278272821625
0.3054542825238415 0.315138004887909 0.8296051540741727 0.579354127932592 0.7438270555206971 0.6819862964229308 0.5299955982591013 0.8031387343195108 0.7785166551881977 0.9048536723607882 0 1.1413508397116967 1.013228016914733 0.662327479305821 0.5375559921274538 0.9000597118898632 0.5031807493441484 0.477870079506119 0.6730005724613312 0.8823561051581954
0.895302384594277 0.9275669733508362 0.35658862505836425 0.5844968187041081 0.3924041827682631 0.5082405940895034 0.5893703936104782 0.3539214159676941 0.3863814354896985 0.2958616056312865 1.1413508397116967 0 0.2746994238009919 0.5331183260161272 0.6347307274478751 0.2859016981434939 0.6084209336457017 0.6314187810150109 0.47609850268276366 0.3086438016965235
0.8267385093031868 0.8388060479378264 0.3416849970679562 0.5014860588813419 0.3492613220417918 0.3845839312241035 0.5597608384471224 0.282319871969482 0.32381271060585376 0.21500673793879205 1.013228016914733 0.2746994238009919 0 0.4587969467548318 0.507893110393679 0.2671758712178808 0.5555025139216626 0.5462273496558642 0.42061320379857375 0.2656740369112809
0.4716381038450302 0.4534202508871444 0.34264777004781927 0.2124284292536102 0.2670667136205501 0.2997022434296636 0.2868945731476975 0.33045530594827294 0.3228517102898182 0.41304661408793986 0.662327479305821 0.5331183260161272 0.4587969467548318 0 0.2783641253766286 0.35770822882480513 0.30920678551237607 0.2953996217506878 0.27603767036222926 0.3418720275110239
0.4153897744723198 0.41886649385706826 0.4278390360256687 0.22233160218683187 0.34128924511212055 0.2610483854847697 0.32522181779399545 0.3642566391578261 0.3569318228245205 0.44937666985589036 0.5375559921274538 0.6347307274478751 0.507893110393679 0.2783641253766286 0 0.4497779813994226 0.3062773311419384 0.2289827980146814 0.31565845360062555 0.4312617463661081
0.7001061167371903 0.7250052121653359 0.22217586291169034 0.4087029897319363 0.23938084047307007 0.3336914073022423 0.4290444393168631 0.22001634898773434 0.24695272060806414 0.2138144377383234 0.9000597118898632 0.2859016981434939 0.2671758712178808 0.35770822882480513 0.4497779813994226 0 0.43805068955270554 0.44595663065627106 0.30794017929795087 0.1832037452617044
0.3850606979800509 0.4300081150233404 0.36476632982199797 0.25772044199932725 0.3243511368507705 0.34225999863096 0.23794034255587387 0.40121386024533845 0.36957058934409187 0.46891075559543066 0.5031807493441484 0.6084209336457017 0.5555025139216626 0.30920678551237607 0.3062773311419384 0.43805068955270554 0 0.22142343787856678 0.2688812835887194 0.44710983331812243
0.40798583573377034 0.4274571648969977 0.3838198962341477 0.25174980661592206 0.3164141463359843 0.3012714497778739 0.2509114144320073 0.3739050401781609 0.3465246576425161 0.4594475831304595 0.477870079506119 0.6314187810150109 0.5462273496558642 0.2953996217506878 0.2289827980146814 0.44595663065627106 0.22142343787856678 0 0.26282510895461714 0.440832076108829
0.5183386444823065 0.5501824423165895 0.2506170242659105 0.27248436928298797 0.2116337416927951 0.26759532855334855 0.2713037249594422 0.2602566520872431 0.24287439590388976 0.33106793388908595 0.6730005724613312 0.47609850268276366 0.42061320379857375 0.27603767036222926 0.31565845360062555 0.30794017929795087 0.2688812835887194 0.26282510895461714 0 0.3232361206050063
0.6729889971416627 0.7010659218210821 0.23830961969637587 0.39223129120875977 0.24606783179402167 0.32900590668137236 0.42791991849029126 0.2312963921876432 0.2666200704763816 0.20951278272821625 0.8823561051581954 0.3086438016965235 0.2656740369112809 0.3418720275110239 0.4312617463661081 0.1832037452617044 0.44710983331812243 0.440832076108829 0.3232361206050063 0
