0 0.9592705788711101 0.8083581577836716 1.0520346629671045 0.41121980934985564 0.573367706414807 0.7637626158259733 1.07854777646725 0.21459876881973805 1.0352010222476526 0.2619684159977919 0.6615701550312039 0.6374552583116766 0.7196501255875284 0.8406414965939838 0.4021809075548668 0.6959778677753609 1.0711255262337032 0.49931271445176206 0.8280786712108251
0.9592705788711101 0 0.24449098265121844 0.11680106253881158 0.5006352336720383 0.37505134951025976 0.23094559990762334 0.1305111685050064 0.765255799296003 0.11067537958507268 0.6596588094078928 0.2752340102681224 0.30242271082990124 0.2767881715337296 0.1260077682477536 1.430144982661341 0.23488257807509927 0.15565741493320406 0.4141343844378618 0.13347119965175613
0.8083581577836716 0.24449098265121844 0 0.25816807407372994 0.49015356423158407 0.26945611320376484 0.2990732271099535 0.2703701324926396 0.6839066234051839 0.2540371183579429 0.5667361286985262 0.2456166527476341 0.16218728003365063 0.11005109731001667 0.17087737218468912 1.2416718615873148 0.2058643655087042 0.22760172628279046 0.44348429699181197 0.19664162655177894
1.0520346629671045 0.11680106253881158 0.25816807407372994 0 0.5664242563238372 0.43963142179594106 0.27412211996207 0.09616794878992034 0.8479449518438635 0.07259008777437409 0.7258756724145525 0.33486169225693235 0.34160946253543123 0.31155486929794796 0.18023744116494117 1.5284338785727447 0.2993485141088379 0.12156122647845298 0.48650814967208084 0.20518106979580278
0.41121980934985564 0.5006352336720383 0.49015356423158407 0.5664242563238372 0 0.31087166269658506 0.33920026264998404 0.6013200334584023 0.2823912473624525 0.5741488618680834 0.18744428762319446 0.26965670639687944 0.3715752707301467 0.42799832451713365 0.4092579872718961 0.7779698928301774 0.3043696403350025 0.5840250605220888 0.13066281406360794 0.39727607885233013
0.573367706414807 0.37505134951025976 0.26945611320376484 0.43963142179594106 0.31087166269658506 0 0.35107255554214023 0.4700862720825605 0.4672557109276504 0.4444488340842362 0.3764612342669272 0.17746552773600113 0.12549475995229223 0.19457147209960404 0.3026862211339351 0.9317308381457745 0.1790656099472416 0.45682044020761564 0.2767358114268411 0.3155273714337535
0.7637626158259733 0.23094559990762334 0.2990732271099535 0.27412211996207 0.33920026264998404 0.35107255554214023 0 0.2986712117249747 0.5879677594929523 0.28210908868533685 0.49067650749106695 0.23242997399315243 0.2975283028423124 0.27721067842692876 0.224071332331175 1.1877268690255602 0.21132429354856908 0.33995187772017144 0.26194175932858044 0.18153816197262918
1.07854777646725 0.1305111685050064 0.2703701324926396 0.09616794878992034 0.6013200334584023 0.4700862720825605 0.2986712117249747 0 0.8730321116276253 0.04828018486034599 0.769564587945614 0.37066266548951626 0.35620176760948324 0.31082604688258814 0.2040092104563598 1.5853200373398137 0.32476014585057544 0.08207063404428577 0.5140538625731487 0.2193633988428327
0.21459876881973805 0.765255799296003 0.6839066234051839 0.8479449518438635 0.2823912473624525 0.4672557109276504 0.5879677594929523 0.8730321116276253 0 0.8427207267749608 0.15259198447326844 0.49406304983637694 0.5471884544454155 0.5962573715985368 0.668329851434186 0.6076049943327182 0.5316525275004311 0.8658487179917636 0.35067892508963855 0.6318388029430319
1.0352010222476526 0.11067537958507268 0.2540371183579429 0.07259008777437409 0.5741488618680834 0.4444488340842362 0.28210908868533685 0.04828018486034599 0.8427207267749608 0 0.7257196434806673 0.33220440832048426 0.33885419199601846 0.29890542799892084 0.18656662257768894 1.5302477054475871 0.30237876942676295 0.08628048097808548 0.48490059464913704 0.2042456115593915
0.2619684159977919 0.6596588094078928 0.5667361286985262 0.7258756724145525 0.18744428762319446 0.3764612342669272 0.49067650749106695 0.769564587945614 0.15259198447326844 0.7257196434806673 0 0.4055465362687552 0.44879407527769044 0.49672398132392503 0.5675507662640257 0.6068660849090083 0.44159260524703514 0.7625302278475344 0.26160832178497173 0.5423261445466404
0.6615701550312039 0.2752340102681224 0.2456166527476341 0.33486169225693235 0.26965670639687944 0.17746552773600113 0.23242997399315243 0.37066266548951626 0.49406304983637694 0.33220440832048426 0.4055465362687552 0 0.13284223283101432 0.18431243034973022 0.1943888884418801 1.0549178462819235 0.09225660531809468 0.36034994960914113 0.2480480927861402 0.19174124721184263
0.6374552583116766 0.30242271082990124 0.16218728003365063 0.34160946253543123 0.3715752707301467 0.12549475995229223 0.2975283028423124 0.35620176760948324 0.5471884544454155 0.33885419199601846 0.44879407527769044 0.13284223283101432 0 0.09424212936563149 0.22028268268106363 1.0318986456114838 0.1353350503373846 0.35364473625830223 0.3375797890278889 0.2501851166488378
0.7196501255875284 0.2767881715337296 0.11005109731001667 0.31155486929794796 0.42799832451713365 0.19457147209960404 0.27721067842692876 0.31082604688258814 0.5962573715985368 0.29890542799892084 0.49672398132392503 0.18431243034973022 0.09424212936563149 0 0.20166768818858946 1.1331544032486618 0.14432455863915847 0.30045907008239514 0.3738172982482694 0.22973414586817037
0.8406414965939838 0.1260077682477536 0.17087737218468912 0.18023744116494117 0.4092579872718961 0.3026862211339351 0.224071332331175 0.2040092104563598 0.668329851434186 0.18656662257768894 0.5675507662640257 0.1943888884418801 0.22028268268106363 0.20166768818858946 0 1.2884631067285568 0.15735339473883683 0.1889371850019642 0.33343829761059435 0.1062863652772559
0.4021809075548668 1.430144982661341 1.2416718615873148 1.5284338785727447 0.7779698928301774 0.9317308381457745 1.1877268690255602 1.5853200373398137 0.6076049943327182 1.5302477054475871 0.6068660849090083 1.0549178462819235 1.0318986456114838 1.1331544032486618 1.2884631067285568 0 1.087176868672277 1.5577848471240248 0.8792003816177455 1.2666523645264263
0.6959778677753609 0.23488257807509927 0.2058643655087042 0.2993485141088379 0.3043696403350025 0.1790656099472416 0.21132429354856908 0.32476014585057544 0.5316525275004311 0.30237876942676295 0.44159260524703514 0.09225660531809468 0.1353350503373846 0.14432455863915847 0.15735339473883683 1.087176868672277 0 0.31172317698182733 0.2759216760935081 0.17580538742193125
1.0711255262337032 0.15565741493320406 0.22760172628279046 0.12156122647845298 0.5840250605220888 0.45682044020761564 0.33995187772017144 0.08207063404428577 0.8658487179917636 0.08628048097808548 0.7625302278475344 0.36034994960914113 0.35364473625830223 0.30045907008239514 0.1889371850019642 1.5577848471240248 0.31172317698182733 0 0.5005959477681419 0.2227384185558818
0.49931271445176206 0.4141343844378618 0.44348429699181197 0.48650814967208084 0.13066281406360794 0.2767358114268411 0.26194175932858044 0.5140538625731487 0.35067892508963855 0.48490059464913704 0.26160832178497173 0.2480480927861402 0.3375797890278889 0.3738172982482694 0.33343829761059435 0.8792003816177455 0.2759216760935081 0.5005959477681419 0 0.31793353199879804
0.8280786712108251 0.13347119965175613 0.19664162655177894 0.20518106979580278 0.39727607885233013 0.3155273714337535 0.18153816197262918 0.2193633988428327 0.6318388029430319 0.2042456115593915 0.5423261445466404 0.19174124721184263 0.2501851166488378 0.22973414586817037 0.1062863652772559 1.2666523645264263 0.17580538742193125 0.2227384185558818 0.31793353199879804 0
