0 0.3202693047615203 0.33629908853950025 0.2686554508664004 0.3034474146530891 0.24297815296980463 0.3641519472296651 0.27087164556565974 0.28467675582530616 0.21254103316321388 0.32898312965379556 0.22781624353218843 0.15852165527531875 0.19785942395638287 0.2023694956864762 0.34165776944476844 0.37260716745939854 0.26297919674777104 0.18917083781350608 0.29055724564178664
0.3202693047615203 0 0.20294698120803148 0.16168493184831204 0.2301696253338661 0.16076869915754619 0.20121515016740538 0.3269714351595861 0.21291176110691554 0.19990007493755463 0.10038621733758805 0.16748520470288367 0.2816122815708933 0.2515502175743891 0.15940430080131612 0.44962764047565734 0.17155206021590033 0.2742495253944741 0.22351178742159802 0.4716085478600047
0.33629908853950025 0.20294698120803148 0 0.18773774114370093 0.09777418313485767 0.2302734396531669 0.12474874346454931 0.31255087505121215 0.11070998938925461 0.2043402354289844 0.23480161450875311 0.16642623751487506 0.24472789149696378 0.31355112800157997 0.23069749900772446 0.4596532862185061 0.0913118980698131 0.43055570718293984 0.25011101139742875 0.5573789164064147
0.2686554508664004 0.16168493184831204 0.18773774114370093 0 0.1574479084777824 0.14149794402563096 0.154523745318045 0.23771411514222557 0.12322205688489184 0.11240994548949425 0.1611991997611986 0.11514618451631163 0.2279149901398483 0.18307546910869557 0.10059036720597989 0.374258992161878 0.20542569388267473 0.29302358391061556 0.15867529446134654 0.4135813273506148
0.3034474146530891 0.2301696253338661 0.09777418313485767 0.1574479084777824 0 0.2211659691956338 0.11047806042546474 0.2671347267866138 0.05514157355919352 0.17276217644409508 0.25234573039920255 0.16309618268065945 0.23542602297505913 0.2609337727409118 0.2069693898012841 0.41227736567281814 0.12680189473413625 0.40911732506027065 0.20729006155818727 0.513279235699635
0.24297815296980463 0.16076869915754619 0.2302734396531669 0.14149794402563096 0.2211659691956338 0 0.201895079361841 0.23645855063948487 0.18565569831412587 0.1178381417004244 0.14155102510709752 0.11283434795062756 0.21179597350481594 0.1964854829646066 0.11079947868275879 0.3353416147163149 0.22743512931946067 0.21948581539300135 0.1434088679951497 0.4205136908880784
0.3641519472296651 0.20121515016740538 0.12474874346454931 0.154523745318045 0.11047806042546474 0.201895079361841 0 0.2949115282640735 0.10239966503986575 0.19063098364339764 0.21108742753997553 0.19380383186561373 0.3127816302579297 0.29873104574349435 0.2073309978329969 0.4513056700591621 0.12069659967427555 0.37096872685309784 0.22805943175325358 0.5552354428493146
0.27087164556565974 0.3269714351595861 0.31255087505121215 0.23771411514222557 0.2671347267866138 0.23645855063948487 0.2949115282640735 0 0.24853913974240274 0.194977019199797 0.3187895962273203 0.2712950311764746 0.22349885335665026 0.16334785378794114 0.2591309301874728 0.20807325468074137 0.3401982668983637 0.25966975842330847 0.18491684879951287 0.30017988791383926
0.28467675582530616 0.21291176110691554 0.11070998938925461 0.12322205688489184 0.05514157355919352 0.18565569831412587 0.10239966503986575 0.24853913974240274 0 0.134474892224539 0.23731778224404512 0.1430718305723071 0.23564607352631456 0.2588719233254743 0.17651515580514038 0.3892278171262905 0.12771267757366472 0.3721795237833333 0.19358356380614908 0.4907446561907254
0.21254103316321388 0.19990007493755463 0.2043402354289844 0.11240994548949425 0.17276217644409508 0.1178381417004244 0.19063098364339764 0.194977019199797 0.134474892224539 0 0.20277218079314446 0.10259322023268111 0.1810977530242532 0.18036977634145568 0.08345577343596844 0.3103176886048375 0.22269966704152222 0.2919006552054368 0.1140936303011715 0.4003203845127179
0.32898312965379556 0.10038621733758805 0.23480161450875311 0.1611991997611986 0.25234573039920255 0.14155102510709752 0.21108742753997553 0.3187895962273203 0.23731778224404512 0.20277218079314446 0 0.16958436512347888 0.30564835259094686 0.2668202495380535 0.1845338933468998 0.418034793437629 0.19957402211484304 0.2547388990699293 0.21866005011365713 0.4808779227281261
0.22781624353218843 0.16748520470288367 0.16642623751487506 0.11514618451631163 0.16309618268065945 0.11283434795062756 0.19380383186561373 0.2712950311764746 0.1430718305723071 0.10259322023268111 0.16958436512347888 0 0.17061084964892914 0.2504304924044156 0.1305228806455614 0.37660841254958466 0.17842790770437358 0.2948630469470059 0.16247263500504203 0.4490337205999303
0.15852165527531875 0.2816122815708933 0.24472789149696378 0.2279149901398483 0.23542602297505913 0.21179597350481594 0.3127816302579297 0.22349885335665026 0.23564607352631456 0.1810977530242532 0.30564835259094686 0.17061084964892914 0 0.16939911689316559 0.1833789902933479 0.34528152881082586 0.2923490038232155 0.35469067661014425 0.17418372542179414 0.33644900977607684
0.19785942395638287 0.2515502175743891 0.31355112800157997 0.18307546910869557 0.2609337727409118 0.1964854829646066 0.29873104574349435 0.16334785378794114 0.2588719233254743 0.18036977634145568 0.2668202495380535 0.2504304924044156 0.16939911689316559 0 0.15828959769462012 0.24480127197135376 0.36304482275886296 0.266760283192867 0.1152426384446794 0.27117251109095275
0.2023694956864762 0.15940430080131612 0.23069749900772446 0.10059036720597989 0.2069693898012841 0.11079947868275879 0.2073309978329969 0.2591309301874728 0.17651515580514038 0.08345577343596844 0.1845338933468998 0.1305228806455614 0.1833789902933479 0.15828959769462012 0 0.3434570611011499 0.2531178031270717 0.24685605545924155 0.11256850643554915 0.3435934910189242
0.34165776944476844 0.44962764047565734 0.4596532862185061 0.374258992161878 0.41227736567281814 0.3353416147163149 0.4513056700591621 0.20807325468074137 0.3892278171262905 0.3103176886048375 0.418034793437629 0.37660841254958466 0.34528152881082586 0.24480127197135376 0.3434570611011499 0 0.4954627904173692 0.2317212332282504 0.26512784809184636 0.2253410865354451
0.37260716745939854 0.17155206021590033 0.0913118980698131 0.20542569388267473 0.12680189473413625 0.22743512931946067 0.12069659967427555 0.3401982668983637 0.12771267757366472 0.22269966704152222 0.19957402211484304 0.17842790770437358 0.2923490038232155 0.36304482275886296 0.2531178031270717 0.4954627904173692 0 0.3900370723407177 0.2928040220033486 0.5991932091484722
0.26297919674777104 0.2742495253944741 0.43055570718293984 0.29302358391061556 0.40911732506027065 0.21948581539300135 0.37096872685309784 0.25966975842330847 0.3721795237833333 0.2919006552054368 0.2547388990699293 0.2948630469470059 0.35469067661014425 0.266760283192867 0.24685605545924155 0.2317212332282504 0.3900370723407177 0 0.29034261152540525 0.3294163774217238
0.18917083781350608 0.22351178742159802 0.25011101139742875 0.15867529446134654 0.20729006155818727 0.1434088679951497 0.22805943175325358 0.18491684879951287 0.19358356380614908 0.1140936303011715 0.21866005011365713 0.16247263500504203 0.17418372542179414 0.1152426384446794 0.11256850643554915 0.26512784809184636 0.2928040220033486 0.29034261152540525 0 0.34103257777953916
0.29055724564178664 0.4716085478600047 0.5573789164064147 0.4135813273506148 0.513279235699635 0.4205136908880784 0.5552354428493146 0.30017988791383926 0.4907446561907254 0.4003203845127179 0.4808779227281261 0.4490337205999303 0.33644900977607684 0.27117251109095275 0.3435934910189242 0.2253410865354451 0.5991932091484722 0.3294163774217238 0.34103257777953916 0
