0 0.9227765894575353 0.5994906493301807 0.49167171103142737 0.9948057337851351 0.7365429242103545 0.2939873661036668 0.8227841054678477 0.6681531047810609 0.3843711067980367 0.8531854083320153 0.7610917498101478 0.8235162195690195 0.3556768534729039 0.804153445224257 0.6557892373388906 0.8212630929949859 0.0890870806374748 1.102623789322188 0.75
0.9227765894575353 0 0.3970821681949979 0.5212931759983682 0.056353144946285086 0.15321252116902395 0.5617975065414267 0.07843702709446865 2.0189597891332522 0.5394109498457441 0.055087015612935164 0.19636472965443091 0.15778030904400964 0.5006597396899024 0.13986544423375416 0.2224302203898308 0.15734862476297343 0.8339181737724303 0.12632034103646286 0.13294239000659405
0.5994906493301807 0.3970821681949979 0 0.14660063193253592 0.42057911556903316 0.26272260455717716 0.37571734324166967 0.3276598437216349 1.3458531698209064 0.19795764159656265 0.37868946088345795 0.23396967185633288 0.2807863428844151 0.22388619523219602 0.2692481886119794 0.16997502591252123 0.2800181161564586 0.5607721540920443 0.5007798378220965 0.38966892206461745
0.49167171103142737 0.5212931759983682 0.14660063193253592 0 0.5809475019311126 0.36023133390094014 0.28401877872187725 0.43799783705305884 1.1457575732530274 0.08228507357554792 0.48742026792896054 0.38474188203193277 0.43508951333649104 0.1411281994312221 0.421501998128395 0.29348392204684737 0.4338991157204066 0.45991677236213074 0.6674578638386096 0.5046104402690965
0.9948057337851351 0.056353144946285086 0.42057911556903316 0.5809475019311126 0 0.2066918454785814 0.6222222222222222 0.1303101048018608 2.138888888888889 0.5992437462555623 0.10686566368414646 0.21094404205109957 0.17356175529609247 0.5597897546299555 0.15648951991798396 0.2646188733785785 0.17308689324261864 0.9027777777777778 0.08897302415513444 0.18559808466140582
0.7365429242103545 0.15321252116902395 0.26272260455717716 0.36023133390094014 0.2066918454785814 0 0.39960423459192407 0.07791631856165433 1.7224320456548452 0.37833232173182246 0.12407023337712314 0.10646612560806028 0.12383832158460448 0.3405626506501315 0.09115439434246046 0.08618537245237075 0.1234995020123658 0.6545241773488412 0.2806473693353363 0.11048143863155317
0.2939873661036668 0.5617975065414267 0.37571734324166967 0.28401877872187725 0.6222222222222222 0.39960423459192407 0 0.47749345545253286 1.05 0.20265333964279017 0.5034054880780857 0.46800143282964884 0.4835953565373316 0.15843106263111947 0.4609327677584255 0.3512214137570223 0.4822722477472415 0.225 0.7102368362992472 0.41425492496425775
0.8227841054678477 0.07843702709446865 0.3276598437216349 0.43799783705305884 0.1303101048018608 0.07791631856165433 0.47749345545253286 0 1.8534285441907525 0.45589925373338336 0.04885626544637683 0.1331485330597212 0.09948537330986229 0.4180646596004599 0.08044312134805207 0.16020933856596092 0.09921318299593088 0.7382300133641133 0.20124017405951125 0.10914483031716347
0.6681531047810609 2.0189597891332522 1.3458531698209064 1.1457575732530274 2.138888888888889 1.7224320456548452 1.05 1.8534285441907525 0 1.0786387432600122 1.903118308587885 1.755005373111183 1.861628142422471 1.1407036509440602 1.8245255390437678 1.5877132402714709 1.8565347590269916 0.75 2.323936707008566 1.7371980724307585
0.3843711067980367 0.5394109498457441 0.19795764159656265 0.08228507357554792 0.5992437462555623 0.37833232173182246 0.20265333964279017 0.45589925373338336 1.0786387432600122 0 0.4815899450206114 0.4026313584362516 0.4532217720285996 0.08699848552934203 0.43942671583284726 0.31137618438976383 0.4519817648566429 0.3595462477533374 0.6862026857089135 0.4717281765248632
0.8531854083320153 0.055087015612935164 0.37868946088345795 0.48742026792896054 0.10686566368414646 0.12407023337712314 0.5034054880780857 0.04885626544637683 1.903118308587885 0.4815899450206114 0 0.181601827092673 0.14187358137770828 0.4435159790635378 0.12314471535068672 0.2067570181274313 0.1414854176369592 0.7673864147531795 0.17740065197241398 0.09297533295925807
0.7610917498101478 0.19636472965443091 0.23396967185633288 0.38474188203193277 0.21094404205109957 0.10646612560806028 0.46800143282964884 0.1331485330597212 1.755005373111183 0.4026313584362516 0.181601827092673 0 0.04251356399071474 0.3651338997452623 0.056529663456257574 0.10514887802400746 0.04239724759219318 0.6788228329958349 0.24901720699178687 0.18584798541875702
0.8235162195690195 0.15778030904400964 0.2807863428844151 0.43508951333649104 0.17356175529609247 0.12383832158460448 0.4835953565373316 0.09948537330986229 1.861628142422471 0.4532217720285996 0.14187358137770828 0.04251356399071474 0 0.41494968182696407 0.03013709940760353 0.1297186304156927 0 0.7382318495813247 0.2078504226644685 0.2001601922563589
0.3556768534729039 0.5006597396899024 0.22388619523219602 0.1411281994312221 0.5597897546299555 0.3405626506501315 0.15843106263111947 0.4180646596004599 1.1407036509440602 0.08699848552934203 0.4435159790635378 0.3651338997452623 0.41494968182696407 0 0.40164337508608694 0.2744106499742259 0.41381438645233204 0.30101901899912703 0.6453558075134578 0.398019336029202
0.804153445224257 0.13986544423375416 0.2692481886119794 0.421501998128395 0.15648951991798396 0.09115439434246046 0.4609327677584255 0.08044312134805207 1.8245255390437678 0.43942671583284726 0.12314471535068672 0.056529663456257574 0.03013709940760353 0.40164337508608694 0 0.12012345653011808 0.030054644808743168 0.7202074496225399 0.21396825537215672 0.16824486974550057
0.6557892373388906 0.2224302203898308 0.16997502591252123 0.29348392204684737 0.2646188733785785 0.08618537245237075 0.3512214137570223 0.16020933856596092 1.5877132402714709 0.31137618438976383 0.2067570181274313 0.10514887802400746 0.1297186304156927 0.2744106499742259 0.12012345653011808 0 0.12936372241705024 0.5773502691896257 0.33920026264998404 0.19930849370103537
0.8212630929949859 0.15734862476297343 0.2800181161564586 0.4338991157204066 0.17308689324261864 0.1234995020123658 0.4822722477472415 0.09921318299593088 1.8565347590269916 0.4519817648566429 0.1414854176369592 0.04239724759219318 0 0.41381438645233204 0.030054644808743168 0.12936372241705024 0 0.7362120596141519 0.20728174739177682 0.19961255732517016
0.0890870806374748 0.8339181737724303 0.5607721540920443 0.45991677236213074 0.9027777777777778 0.6545241773488412 0.225 0.7382300133641133 0.75 0.3595462477533374 0.7673864147531795 0.6788228329958349 0.7382318495813247 0.30101901899912703 0.7202074496225399 0.5773502691896257 0.7362120596141519 0 1.005298463144155 0.6681531047810609
1.102623789322188 0.12632034103646286 0.5007798378220965 0.6674578638386096 0.08897302415513444 0.2806473693353363 0.7102368362992472 0.20124017405951125 2.323936707008566 0.6862026857089135 0.17740065197241398 0.24901720699178687 0.2078504226644685 0.6453558075134578 0.21396825537215672 0.33920026264998404 0.20728174739177682 1.005298463144155 0 0.26286178943756805
0.75 0.13294239000659405 0.38966892206461745 0.5046104402690965 0.18559808466140582 0.11048143863155317 0.41425492496425775 0.10914483031716347 1.7371980724307585 0.4717281765248632 0.09297533295925807 0.18584798541875702 0.2001601922563589 0.398019336029202 0.16824486974550057 0.19930849370103537 0.19961255732517016 0.6681531047810609 0.26286178943756805 0
